0.335985795780377
0.904884315904752
-1.40259040066387
0.0502896849602898
-0.892718722892851
-0.915837229197695
-0.0647737915996236
-1.08309130550959
-0.282617564652475
-1.66507961255533
0.23384636480804
0.892705326782465
0.0622474080604264
0.373050555401418
1.2879580617639
-2.14464352914779
0.198779371245172
0.739415545178358
-0.912301053578399
-0.292893046892642
-0.128074991812442
0.498491351363341
0.64166975530532
0.00178687687043485
0.144958570023541
-0.354561644203473
-0.151737723123921
2.01437539624147
-0.318662795102743
-1.11506012585673
-0.771628398150967
1.84432269230923
1.38086919056955
-1.84968126812163
-0.751365749560372
0.338902057973715
-1.09326001389505
0.750495324328048
1.15838222679914
1.45203697726295
1.87412998340113
0.39969337958245
-0.847766170629897
-1.42840957080134
-0.0925677670786665
1.28226513929967
0.604810561157457
-1.0047625389197
0.0402484283522275
-0.746889012068698
0.770885452675252
-1.29987929658798
0.807993518630457
0.155386125745211
0.0422444274092695
-0.0790684634290515
1.01776723432812
-0.435443083335336
0.484528252459379
0.766912436085317
-1.31845914329957
0.815457174610481
0.794774885629416
-1.25094012488004
1.49513093342974
0.629163153168418
0.864451737940289
0.659345370730807
-0.532666977834017
1.235910344305
-0.59661541445442
-0.510528440868673
0.233878247583738
-0.0186302682013893
-0.616639342239745
1.99469475706241
-1.73198908368841
-0.717964873131119
-1.01256450566404
0.427516502457794
0.0611695539080987
0.513691526519032
0.256587382468564
0.902285846856297
-0.515331684796194
-0.969095734573399
-0.16502079048766
1.43218477787604
-0.570319562888075
-0.0404516952849719
0.369453746012202
1.33553037676132
-0.893231390262698
-0.768953693994012
1.70419567371285
-0.801746973568852
-1.36067777360433
-1.3713198282266
-1.80147625933666
-0.392541218191976
0.145114756450077
0.372159160806179
0.232357806387508
-1.23693729031879
-1.33403347249277
0.790569449039345
-0.897086313041722
-0.122828546129989
0.712954633670573
-1.58341930602791
-1.24446295288587
-0.523595354744802
0.388097620783697
-1.06510180814111
-0.558906443642059
0.697547343485928
-1.36324033552467
1.59572473402364
-1.59786124030789
-0.36473634705528
1.3775899267294
0.615774511851171
-1.0419307055788
-0.660220717076145
-1.13089853896618
0.0673473681124245
-1.02776992851904
-0.291715440274478
0.12111278645753
1.9232774285192
-0.391338362413959
-0.917459251774182
-0.0411508111907556
0.77083010616817
-0.69384105410061
1.14679978636762
0.058076284520278
0.514886172469749
-0.835151932356366
1.49190169113084
1.96824780098716
-1.32949256839699
0.964626323678451
0.15051108385413
0.0148430529142506
1.66678579830933
-1.71049779431619
-0.227987357626961
-1.63323320623192
1.42325931593398
-0.493747245546637
-1.39825538798724
0.0494018942345389
-0.952667433145264
-1.05184335325687
-1.26728868779453
0.051418547339384
0.241051052956675
1.59318188136999
0.525109685222293
-2.23257840806858
-2.16467951298376
-0.384321208281807
-0.63656005545621
1.37314018893297
1.79364121989688
1.10795158643448
1.72413356941679
0.8468146887738
1.35410408236838
0.374182753536238
0.716350484887021
-1.17027831398568
0.656345958918187
-0.039184943695936
-1.08636731059603
1.2198092868902
0.186908984420992
0.0313775815594595
-0.57757360769851
-0.0843123328765606
-2.12764255706403
0.0968618869584388
0.0140022495583699
0.342135152447253
0.592993281949867
0.660290885198601
2.27449751691966
-0.166275361418789
0.201315219758163
-0.323234785494728
0.709929941702486
1.1340514351819
-1.37284036993878
-0.450369760911514
0.0645994119675471
0.184374862811111
0.0953006166276988
1.93116352660165
-1.26791010951704
0.197418799444997
-0.0962637943144289
-0.966219206998924
1.34607697471166
-1.84540965967083
-1.02000083164792
-1.44599725824778
0.329773577622338
0.180812623029368
1.81090140318234
-0.545211278596452
0.189780116127378
0.544700294390061
0.232391007270614
0.0614654568893047
-1.39841875511661
-0.863059107369128
0.561854162625074
0.833092298471875
-1.24754942396961
0.369547306551155
0.148277758592605
-1.52700292149302
0.805267321996101
0.0462073087042382
-0.181218169386426
0.305958462625043
0.929268359510935
0.257884629040047
-0.64294274950328
-0.965755428361197
-1.01512958338712
-1.4471418189849
-1.05042117075399
1.22125794466166
-0.148982822338612
-0.735954180522142
1.00169474217572
0.871411922543607
1.02920251821173
0.199577972337586
0.17162799631822
-0.00633080097911623
0.39798704374801
0.306818125607153
1.47345002411103
1.80581537224764
-0.553810688675046
-0.829565579499883
-0.378726271816875
-2.43358389763706
-1.57897037739856
0.658599936231674
-0.509888152203255
0.528872147280131
-2.27149335777049
-0.537593973822602
0.355558287622519
0.390267358674994
-0.607775580915243
-1.32333919402733
2.44902808474554
1.53313058410257
1.09575149906378
0.247996922191205
0.497382505694354
-1.82197386056278
-0.324143221189264
0.511847969283051
0.946146499009986
-1.13570221659383
-0.412042886836924
-0.993166388813419
-0.328073192355728
0.228996687077317
0.20412652992739
-0.125853632473122
-1.15502459063095
0.224059471329556
0.152120908701151
-1.94376050220603
1.28003110891138
0.856204416482612
0.00834035218928661
0.291492028547705
-0.726285662307697
-0.494512769457056
-0.614014414978605
-0.86348308985434
-0.435442289757442
1.88564887227045
1.27444389465251
0.250189605309689
0.862895367431082
0.628672742033799
0.0758545159110308
0.77939950192045
-0.32189044456616
0.32692530484392
0.525496382807763
-0.666546879423581
-1.57851056586295
0.947095637365878
0.113070103948655
1.63062583405151
-1.31233196714333
0.225849920922292
-0.73442518860871
0.0674829407521078
2.02919001511602
-0.269622718239072
-0.545105680108392
-0.0366681612509737
1.92112045986959
-0.306547410228037
-0.427885846301507
-0.413186156059856
0.90087039637449
0.827259064684772
-0.111259606961798
-0.40622261415982
-0.87660402440643
0.152279344206443
0.690060070693916
1.18145789554878
0.102344548534991
0.760991850545329
0.359708539760469
-1.7825961823832
-1.10372483016917
-1.96274687954511
0.77723622959192
-0.244913093499571
-1.22648639255467
1.88326194063782
0.143782408204097
-1.07002633487436
-0.968604309696608
-1.0783429941247
-0.893246090159407
-0.410666854204221
0.147035826010922
-0.482348785398362
-1.58820443924702
0.227480904639018
0.598867981615854
0.658609607789967
-0.645282280583663
-0.339961189987918
1.20279740905031
-0.397620804311224
1.55297440470507
1.4962945248804
-2.36733222593531
0.830248231953238
0.748917397516247
0.798699572069144
0.755080983834218
0.557308800711043
-1.49048624599346
0.280737828794564
2.04340007920939
0.420126800678671
-1.19408132509403
-0.272175183931434
0.365202837045374
1.07997949221651
1.5746321076283
-1.55102265699173
0.151316581512815
-1.13669326514282
-0.132822313529652
0.45379880114883
-0.851270730167825
-1.09426629738904
-0.278494434791942
-0.442657331583971
-0.648224652261072
-1.65810369049417
2.10852789303379
0.467811234168958
-1.5129161383012
1.35032928375485
-1.65096271375744
-1.07742742449391
-0.574850458759727
-0.306256002524173
-1.04177284409565
-1.96158269637171
-1.00059468245443
-0.636358379882771
-0.0444366800086683
-0.55483165794229
0.797444426848853
0.0775340358013204
-0.0576903874536481
-0.0859240517086311
-0.785019408847946
-1.2166638405256
-0.317717554593965
-0.123747540444526
0.371719518746853
-0.195806687536456
0.562298091196819
1.06672822505615
-0.622073447946147
0.201831419674727
-0.818589822844252
-1.39670340867908
0.432360685574122
-0.94692831763189
0.0934817544560135
-0.2537891152493
0.0381302169819354
2.70456507093586
0.531484221754134
-0.663515217636504
0.720720980757573
-0.373918185743881
1.16202355087098
0.352137170408359
-0.253124290058215
0.335142221550467
-0.0282067638145298
-0.926118974591131
0.479309116307726
0.307444365181907
-1.04286887370119
0.6601664291796
1.83602672538772
-1.90269215960227
-1.48082061552458
0.628944830162062
0.308236029113976
-1.20800161307864
-1.8740275986062
1.57961311258477
-0.806830478335649
1.16909828714915
-0.313317165172512
0.645980196736202
0.807455292187171
-0.522315517938718
0.200098739419444
-0.972720516600713
1.39001137276181
0.0892359185519935
1.04906046048854
0.0389391638175418
0.798481927206315
0.606578528808991
0.581365824378987
-0.41501626657169
0.0860209279274024
-0.453579098292386
-0.878795453770976
1.38992450146797
0.121760588093008
-2.74705010035798
0.246982565426705
0.152524024575986
-0.645917745687687
-0.347345432898831
1.2145869269568
0.489292602601393
-1.04726087416464
1.18747664167444
1.4111633483297
0.967439678885389
0.918523129809751
1.67460681467376
-0.489496646257635
0.927550360442222
0.571107265278155
-1.11442832284897
0.899875308576955
0.727742173002071
-0.126221610044722
0.98239198250562
-0.340614657741185
-1.79816920323158
-2.07291323389394
0.308207505257954
0.35098981653832
2.01035963654781
-0.573568522610513
-0.612545212898366
0.946310513592018
-0.734729637167527
0.250066028057876
-1.47343613175722
-0.0722525741527349
-0.234960964030667
1.2028607798488
-0.434530726630404
-1.02538566164237
-0.0207680641100054
1.96269582802738
-1.10313882055133
-2.18774650578539
0.800984402752048
0.38643475122625
1.50617483188383
0.38142490390097
-1.14231456407674
-0.389656100366182
1.85984047796128
0.652925814447643
0.279828321104047
1.11838554878601
1.37888123188842
1.54755402606852
0.475504455790625
0.840317424575307
-0.0147837004420008
0.623422086573781
-1.03944741591489
1.23450014404229
1.0703743375692
3.43505449625186
0.235123491139807
0.449404146592235
1.77385304647338
2.63567354183928
1.28528282290714
1.48856538300926
0.724939470432318
0.572733411254461
1.57349292879975
1.28063603830508
1.965011242619
1.90190089810001
1.0502391561872
0.646110919355455
0.308352179399456
1.12209988485355
1.01103941495821
0.157792794874418
0.716983847732999
-0.421851502246239
-0.669302285248492
0.885446949747105
1.94104065410108
0.0098415510516644
-0.873844500954292
-2.6404838229697
1.58390249082879
1.25379240066731
1.85161247566501
0.438921387361295
0.359978107737612
1.50607001869858
1.51788499210083
2.26083971375434
1.77259287564862
1.76128948144707
1.66872406870599
1.02847047403486
1.12152836939208
2.98199457381503
1.50297498690882
0.120635914908641
1.08231399385621
0.745521527639486
0.853545265611644
-0.270257787723741
1.81910086109637
0.953595656198327
2.78294046526764
-0.82321919839761
-1.73547742436569
0.677792109730457
1.65809727097728
1.98861764111595
-0.975901963184014
0.721542530458606
0.786694242683505
0.165787192953831
0.233978341277135
1.74943298718363
0.516892505448657
-0.677354946385408
0.103292759515967
0.680432263667042
1.31703897795368
0.227884730947052
1.91665562650223
-0.504494148032774
1.05916215713929
2.30148414675691
0.0856234788877634
-0.626207877402768
1.65436567041509
1.77060122565685
-0.0696717571374361
1.00208334646748
2.10067597058011
1.30500822843026
0.884477455992693
1.94628991966735
0.421095537287209
2.0238991378934
0.877701614263747
2.06091887315585
1.71637611692829
0.846463930596325
1.81789657100293
1.78672321904262
1.48386355016756
1.26724784192313
0.580333993843234
1.38089621673077
1.36566283334483
0.557621330046715
1.84551587391779
2.86167061450563
-0.584915253483846
2.88134478511981
0.667932593495604
0.481833803664004
2.51339976711341
0.36029084096922
0.93914876760348
-0.502013830792425
0.405766376536899
0.804298102812465
2.51124516626154
0.264988576449703
4.69814271812074
0.752017754791
0.983295286549301
-0.38112291969537
1.50358719197691
1.48741548237253
2.2753559995871
0.250873711507757
0.565481668745528
-0.587260577904202
-0.234656520621837
2.46746967477525
0.517378453180594
0.592136380906755
0.652631366514983
-1.3409230323821
1.11651619885027
2.35037803893359
2.45368826226755
0.706677063726848
0.748028582139747
2.12454337399238
0.703903160383171
-0.505872682241625
0.825203214013191
1.56079225053477
1.4292290980079
1.08138616811667
1.95113843288847
0.665935961992018
0.133351307871264
1.4238682788449
-0.254070271898768
1.89095400698326
1.64719795603964
0.310741784002443
1.66529432954962
1.58609297563091
1.85413639462516
2.1267540598616
1.79703979121947
1.25260965891914
0.880737943621017
3.15036090376953
1.57723970069163
0.458080950427924
0.362469139080672
1.42012736769668
1.33869620523222
2.96800139374323
2.30293523190329
1.24670888711768
1.26432019556391
1.87748821396953
2.51531190229853
1.81371045383044
0.443125614849762
1.70288751662735
-1.43471124988267
0.688392035518702
2.12692100412426
1.48122489504048
0.907688397144097
1.235070649553
0.856104171255211
0.511363997769817
0.800824752954948
3.63088900492948
1.39272343700183
2.58594718103982
0.431896250438784
0.668658291127493
0.476588374991509
-0.477379942947973
1.8772617740875
1.20127696317058
1.78676896537005
3.09192632727302
-0.904540918752746
1.02989140165583
2.06726837488229
1.50492086153738
0.836173310400861
1.88297358216144
-0.229610849038593
0.580218297353299
2.58088129778611
2.03905606480955
0.861683262393166
2.60456246612954
1.3788428026573
-0.150338959493878
0.145169332106603
2.59468883723174
0.801849400661786
2.23413682978609
0.118308971458681
-0.197016450272682
-0.0131837849551693
1.10834578189897
-1.44003821645487
1.61071316066612
1.44526835425581
1.63993768108393
0.589524103803023
-0.0296519032584459
1.51364887456642
1.38877270403523
-1.1624493588452
2.1537699427416
1.29698375767742
1.29085164658036
1.28511874086067
2.68428190363484
1.82569192455609
1.72389245561154
-1.13603417237526
0.0877501426761444
0.551333673821872
0.627858001212765
-0.996236977429144
0.914996353348601
0.653822293187406
1.98878115727809
0.304246162500378
0.37133185613897
1.30341501585583
2.1789914635745
1.49662484188413
0.520418517994251
1.7584800316226
-0.275801077226474
1.57180096676075
0.561382545472052
1.07440686199635
1.26013681225324
-0.103654878298675
0.162008203575416
1.99149891654666
1.14797112431243
0.0467591711112133
-0.203435983145366
1.05015618101723
2.05292383437949
0.0857776927953419
-0.22398508908287
0.769404254262705
-0.85478779583731
1.85513941872081
2.22237713034142
1.05312681662338
0.539836035138715
1.10565475768484
0.320173913743931
0.991352636774431
2.5988345725226
0.298729710303176
0.975815974926511
0.479376003528459
1.07425552018253
0.309046208467205
0.496571551275676
1.01657722620168
1.93836067785748
0.485449743541022
1.34985191845795
0.130635392580179
2.73752754125047
2.47372939267764
-0.389483096677852
0.0796984495783101
0.940917308666414
-0.158604956306591
1.78124578011329
-0.155405487317742
0.263599372227027
0.83794732087426
0.509977420303097
0.0262083659334553
0.692548160754551
-0.198722217608819
2.13647784833116
1.53263167748434
0.225382103186832
1.56234457118206
-0.0218128822823325
3.5056575057127
0.874846222021029
-1.01965543745861
-1.99829247701947
1.11836937181239
1.78774646865465
-0.88239558199815
2.3911174024893
0.916115197939579
2.15694881031708
-0.824205102737305
1.24474076439745
1.78450461778067
2.84834296477718
0.796808570626505
1.23356856635477
2.24337786520814
0.461361181861911
1.44576112708998
0.0603221382724956
-1.40510778132581
-0.785579810836477
0.762027498784013
-1.32026618522207
-0.274672467481491
2.08911726083962
2.51234874309535
0.904529187206702
-1.12276590433571
-0.134716091995609
0.634085559207809
1.94536147844094
1.42889684026992
2.20036972320967
0.308052028560452
2.7148452814533
1.46130332194369
1.53480871163478
1.10176404346611
0.330307866786126
-0.508922937248522
-0.185256389046055
0.161707540195365
-2.72382910098554
1.15651169563851
1.02630828537976
1.05353016732592
-0.550167235882956
1.64850960338054
1.12933642475247
1.59536029737932
-1.39052584418184
1.19512516705121
2.50554601964645
0.904905084287687
-0.0334070901845362
0.748717701228616
1.48742164257681
1.16525137822698
0.858297754593378
0.43001000469989
1.95831704323396
1.65714173062066
-0.746079274760582
1.62558364026008
2.38768717976102
2.2107723489202
1.74881819119845
1.79522874658768
0.957965207028602
-0.488023535641342
0.799284366066145
1.36497968674049
-0.290625114714175
1.72579903369801
0.0803442145034075
0.324655119321609
1.09835561373818
2.6829174569727
0.83817635448821
0.257125156813087
2.13303656600637
0.741091180831558
0.894461299877415
1.21467515485957
2.08551173317325
1.31438975380948
0.491502986657067
1.70849068980747
-0.146269390877841
0.911375766761689
1.63068986647956
1.11526544389966
-0.277738661912286
2.08700849524759
1.64713867399314
-1.11844086798194
1.5074031213954
2.07303012882124
1.04873340533188
2.6491371159352
1.8845586987458
0.753038983923776
1.28217572152163
1.33989187536159
0.719276399605427
1.09405342461602
-0.601813824156006
1.15431855265352
0.831686097871248
1.26269645635966
1.10119485353708
0.412128408637559
-0.9958646041738
1.9873679308641
0.863873917143228
1.17215380877435
0.471224434281558
1.65373735315771
1.20798073710422
1.3307249176036
2.36893221904768
-0.0971569901040206
1.89972616600993
1.83200210114288
1.48529271231221
0.848742059460458
0.896261422058435
1.14943580883876
-0.112704236978712
1.31718314813694
1.98583868602277
2.35322826434225
1.08336708758667
0.324145188212951
1.52570122092157
1.28869571520294
1.16975447807535
0.790651719572775
0.797868404438622
-0.22161492665796
0.581632535124732
0.292155974016031
0.323351683282874
0.00686912272163798
2.88070503682287
0.899100550010944
-1.3928763423358
-0.187711613768356
0.850155330977932
2.43075428719032
0.476472899382032
2.19338901017349
2.63412743291259
1.22216617549081
1.54673971807643
0.146154887616788
2.81731680319132
0.584793394552009
0.0921072847325257
-0.237375538515506
0.771791329066124
-0.197958545642827
0.453788664373746
2.36929463339858
0.563997166205604
0.327294379782203
1.56054126547494
0.666224846827435
0.426928122900961
0.135294888836131
0.462880310791374
1.26588123213521
1.87615938018479
-0.728750813255173
0.255342073410166
0.989805735823983
0.807745976726572
0.371697821745248
0.752869791449375
-0.662160438858038
2.1566468314734
-0.060018410381647
1.48441123365819
2.56507406747619
1.40159255783229
