1.26295428488079
-0.326233360705649
1.3297992629225
1.2724293214294
0.414641434456408
-1.53995004190371
-0.928567034713538
-0.29472044679056
-0.00576717274753696
2.40465338885795
0.76359346114046
-0.799009248989368
-1.14765700923635
-0.289461573688223
-0.299215117897316
-0.411510832795067
0.252223448156132
-0.891921127284569
0.435683299355719
-1.23753842192996
-0.224267885278309
0.377395645981701
0.133336360814841
0.804189509744908
-0.0571067743838088
0.503607972233726
1.08576936214569
-0.69095383969683
-1.28459935387219
0.046726172188352
-0.235706556439501
-0.542888255010254
-0.433310317456782
-0.649471646796233
0.726750747385451
1.1519117540872
0.992160365445798
-0.429513109491881
1.23830410085338
-0.279346281854269
1.75790308981071
0.560746090888056
-0.452783972553158
-0.832043296117832
-1.16657054708471
-1.0655905803883
-1.563782051071
1.15653699715018
0.83204712857239
-0.227328691424755
0.266137361672105
-0.376702718583628
2.44136462889459
-0.795339117255372
-0.0548774737115786
0.250141322854153
0.618243293566247
-0.172623502645857
-2.22390027400994
-1.26361438497058
0.358728895971352
-0.0110454784656636
-0.940649162618608
-0.115825322156954
-0.814968708869917
0.242263480859686
-1.4250983947325
0.36594112304922
0.248412648872596
0.0652881816716207
0.0191563916602738
0.257338377155533
-0.649010077708898
-0.119168762418038
0.66413569989411
1.10096910219409
0.14377148075807
-0.117753598165951
-0.912068366948338
-1.43758624082998
-0.797089525071965
1.25408310644997
0.77214218580453
-0.21951562675344
-0.424810283377287
-0.418980099421959
0.996986860909106
-0.275778029088027
1.2560188173061
0.646674390495345
1.29931230256343
-0.873262111744435
0.00837095999603331
-0.880871723252545
0.59625901661066
0.119717641289537
-0.282173877322451
1.45598840106634
0.229019590694692
0.996543928544126
0.781859184600258
-0.776776621764597
-0.615989907707918
0.0465803028049967
-1.13038577760069
0.576718781896486
-1.28074943178832
1.62544730346494
-0.500696596002705
1.67829720781629
-0.412519887482398
-0.97228683550556
0.0253828675878054
0.0274753367451927
-1.68018272239593
1.05375086302862
-1.11959910457218
0.335617209968815
0.494795767113158
0.138052708711737
-0.118792025778828
0.197684262345795
-1.06869271125479
-0.803213217364741
-1.11376513631953
1.58009168370384
1.49781876103841
0.262645458662762
-1.23290119957126
-0.00372353379218051
1.51167228281089
-0.475698284429534
0.797916437531079
-0.974002561112527
0.689372697765473
-0.955839103276798
-1.2317070584141
-0.956891881325619
-0.869782873686493
-0.910680682493289
0.741276305260208
0.0685115332771444
-0.323750754587962
-1.0865030469937
-1.01592894685489
-0.767790184730859
-1.11972006112698
-0.448174236603396
0.47173637445323
-1.18049068288428
1.47025699708299
-1.31142059162488
-0.0965249227629818
2.36971990795134
0.890626476437422
-0.252183161390947
-0.865763754844262
0.582585999886443
-0.0125293469957165
-0.374854762113895
0.317885735092473
-0.488805634836622
2.65865802699847
1.68027820468955
0.779584009075853
0.713240520112821
-0.542881937111931
0.885778373900932
-0.348594684510753
-1.00805457816954
1.8831825423826
-0.928971079201175
-0.294196453606913
-0.614950270796355
-0.947075791741019
0.598975149810314
-1.52361488237755
-0.206189002117285
-0.574295414301406
-1.39016603663508
-0.0704173825071551
-0.430879529604084
-0.592225372961588
0.981116159906615
0.532409356670506
-0.0904561242409946
0.15649049169609
-0.737311690839969
-0.20134120587218
1.10217659507369
-0.0167482561518744
0.161788633557242
2.02476139007773
-0.703694253898738
0.960792383950527
1.79048505353782
-1.06416516333343
0.0176365464246015
-0.38990862930585
-0.490832752366552
-1.04571765178674
-0.896211263960579
1.26938716360704
0.593840948597503
0.775634318883504
1.55737037634497
-0.36540179688389
0.816556448748125
-0.0606347781205525
-0.501378317795089
0.92606272533302
0.0369376908421676
-1.06620017351302
-0.238456353279063
1.49522344384323
1.17215854698947
-1.45770721012238
0.095056226988643
0.847664963596026
-1.62436452976059
1.40856335683396
-0.541760362101113
0.278664724106355
-0.193972744670297
1.57615818121873
-1.47554763526052
-0.144608207310541
-1.07501019081817
0.406542731944926
2.22926220164091
-1.51449700825033
-0.0617074220120377
-0.147270790038966
1.54159306882696
-0.981855668803871
0.496578172661699
1.69694788072309
-0.260736308568123
-0.705928585667662
-0.161178506172346
0.501321827723727
-1.01353967049479
1.61475223546813
0.0056419848524955
-2.90489906034557
-1.10716481896875
1.54756693261827
-0.976830350346719
-0.101503447631726
0.0426502497966979
-1.5967180142972
0.490967372597059
0.421603365384753
1.8739038985953
1.03451432394433
0.0818103103540139
-0.0825237620171641
0.606073430862101
-0.887420145317098
0.105421390193765
0.352874473318477
0.550393358455052
-1.13433096851684
1.46235153874643
0.702116710667574
2.50711114848337
-1.89002714362402
-0.589812790191171
-1.71450229684582
-0.420997897816696
0.310141376504687
1.7025705860145
-0.443384804363927
-1.19859708331809
-0.307380914225499
0.621054202738181
0.181902191404274
1.31840093119247
-0.298909313430662
-1.64822174215883
0.951498469625503
-1.11312295310141
0.616966475689082
0.51349371648542
0.369459103731026
1.72389413060593
-0.20614456663921
-1.3141951399
0.0634740962758665
-0.231977451166617
0.635060327591448
1.63464428548373
-1.8083275793549
-0.213885951496312
0.0703661412851472
0.549707669586251
-0.696823546014336
0.390565942370209
0.381411259099482
-0.0123727697837412
-0.124434986420556
1.46674459318725
0.673928676437573
1.95642526324584
-0.269041012302505
-1.24455151835265
-0.395702922504304
0.0973966545894214
-0.238386950059767
-0.411827956549895
-1.57721804889482
-0.797276095360855
-1.09623678280656
0.308308748669135
0.344795123663022
1.5396480875188
-0.329514192388179
0.948389350742072
-0.479255586781397
-1.5148867950016
0.434536655869661
-0.519536667015539
-0.834559033019062
-0.756647609353339
1.0895034952023
1.57243291747915
1.00736436564955
-0.273157993075658
-1.30967954169979
0.222573830859894
1.11343318380002
0.837394397366885
0.314516768320976
0.222218072141828
-0.843615389920893
0.443805325637898
0.0557971109294442
0.0679723895219651
-0.201961742355295
-1.15801525404242
-0.592743270074932
0.766065384004004
0.0389281166521254
0.0146468124751784
-0.186316968051532
1.400590827286
0.0184855701138565
0.249196011650468
0.149220735674139
-0.963233180453732
-0.066466774077509
1.28692204113243
0.458125259404666
-1.45202829014615
0.0773422769223313
0.559895272977426
-0.0749465699592845
0.782697697763641
-0.172668563946202
-1.05129377839765
0.729451278793333
0.262665242690766
0.543657859153496
1.04106029830068
0.197506153702218
-1.62957828731799
0.121040232381148
-1.63742195215184
-0.531043106001539
0.953679791971826
-1.72065066207719
0.106320619859132
-0.608668496581175
-0.30119698261967
0.97620252467742
0.456008669372078
1.29440806741572
-1.13320220614012
-0.869460350794448
-0.754970291860224
-0.129635350270913
-1.00180133547677
-0.819868279271295
-0.97455246871443
0.604309408711484
0.548787588178333
0.916432656837769
2.66156636665324
-0.180257065442337
0.68501476610822
3.26641451887544
0.560600459600547
-0.0690172974981693
-0.972442935975363
-0.546586585745158
-1.68869232799013
-1.57237269904962
-0.404987158484371
0.319286417955088
0.0404276816430874
-0.39000956273028
-1.81922223008177
0.659180710219526
0.459621672673119
1.6166263368295
-1.85619049475003
-0.286823883167722
1.75032188866878
0.116413612709475
1.38425315825261
0.574220912640371
0.136490812028653
0.91421598896813
-1.80082631795332
-0.339880639131552
0.606264572193943
1.34113031059289
0.767287287839936
0.193725666943277
1.14056669053813
0.0138648044719603
-1.10530591015025
-0.0251626390791607
-0.163673337637828
0.370059747881317
-0.380824536107324
0.652952369308153
2.06134180607354
-1.79664493691525
0.58407712448086
-0.722753123942371
-0.629164664967701
-1.81620605474246
-0.25928909836168
0.334632273477249
-1.42716761266548
1.93862823314278
-0.759530213199978
-2.27877614155698
-0.114050766468951
2.35185666563616
1.59632080326307
1.2774455110357
0.788970858132799
0.461465382278039
-0.438069133825007
-1.50780700927686
-2.22294613133478
-1.17867244241051
-1.78276022371645
-0.987919139257649
0.728488688375502
-0.884684914538616
-1.53844141715852
-0.972226802590855
-1.71813619032349
0.803757539214261
-1.50178716996467
-0.145499071130851
0.579458612306983
1.2015255761311
1.89391078654723
-1.76022634349613
0.924546802691044
-0.556542167994755
-0.180584138193986
1.44744028530994
-0.607131452834526
0.679362430283042
-0.0935576403886666
-0.490086291748811
1.41065938329564
-0.224573789750735
-0.212495489531313
0.696378473749272
0.91518250521579
-0.923374315846694
1.14687326290619
-0.635865043147892
-0.886443308477272
-2.33313668470344
-0.145490804675985
0.31696402380799
-0.707469987806159
1.24215555806467
0.620152195224679
0.09990306758962
1.80770348767495
-1.50242997885018
0.285640465211237
0.845706964376493
-0.995342637599223
-0.256854124551653
-0.0558560432984566
-0.445005239867139
0.069695103017798
-0.154671706016816
-0.831263459409001
0.761544352344911
-0.576506932530127
-0.626368228189236
0.481335325559074
1.69527108394262
-1.7612262939127
0.198013015105549
0.39734909880081
0.0292254949810759
2.56027338872093
1.25712771158455
-0.534537685615439
-0.625227428575037
0.913848686849621
1.00719953467783
0.719291823271818
-0.604711660854287
0.53905440643653
-0.07683088553045
1.84991956032624
-0.854907551346389
0.0326372948933622
-1.02505948075355
-0.982249075565237
0.00410195695681333
-0.233427177912246
-0.498888219103613
1.54971296288404
0.0874969165048639
1.31870113056505
-0.981224119069448
-0.245622587644691
-1.40393383691901
1.4408931473099
-0.981359990937249
1.47424490392592
-0.991197245272071
-0.0944973445755386
-2.87514168382416
-0.246866100837098
0.0147444897981717
-1.91908770329685
-0.287813743700098
-0.346637445404891
-1.83958858464688
0.89858894092329
-1.21285501097807
-0.218964231724761
0.564268160651169
-0.525434375699568
0.744374224954032
0.128981753196475
1.48827425685469
-0.662681951149737
-1.16065500147004
0.358774234497368
-0.194846384192831
-0.295282008014163
0.496640423719942
0.484912788166199
0.0187845005297514
0.634774564676918
0.75444408760507
0.833589034858049
0.965761296217652
1.29387996791096
-0.136551020847416
-0.440138688134939
-1.2272839144599
-0.237653069522654
-0.92685815670431
0.411235355800902
-0.198864576818102
-0.557449639360495
-0.977157122426193
0.0607352487288863
-0.597229479590505
-1.25894869747501
-1.41004720156942
1.10130407942216
-0.677242026280638
-0.762173507550694
-0.291748602024485
-0.575188529371732
-0.443941868186958
-0.312570443962516
-0.603004426394854
-1.09393472002918
0.714706191321827
-0.10881226323069
-1.44379793533529
0.806123263592213
-1.73983507830327
-0.401320309499965
-0.287582488751326
-0.938407400051362
0.28766713879535
-1.50540112432801
1.51929701331258
0.367409355950845
1.69986240880968
0.644196977276918
-1.6878010286367
0.647645994369042
0.448794226781398
1.02630215826019
1.0749782228105
0.458309613000345
0.631586758086112
-0.580466398492627
1.58419214220344
-1.76399294007705
-1.88062197024023
-1.29171904402856
0.909670446302926
-1.10775568207131
-0.384123874715623
0.082734833711361
-0.483882474015024
-2.08474112541176
1.16758696392551
-0.07682577072231
0.53042139527307
0.00490879581096575
-0.530231429870355
0.102202409887892
0.815459635567165
-1.50652186300026
-1.15718017182801
1.30155493728303
-0.905640775072037
0.0155634809297453
-1.4280051965488
0.687979701560331
0.594196501448839
-0.270315244004084
1.55407607614196
-0.510742458166137
-0.291842735699669
1.10143816503647
0.458665214698786
0.851908039344607
1.46619991886849
0.243863294906007
0.64942193391407
-0.641118156058402
0.464459770665112
-0.309200447143362
1.27602070890132
-0.0476112199953048
0.0301011659686939
-0.0035802700058728
-2.03457264308331
-0.992819962588807
1.9638580560558
0.706528773018853
0.0396749797167387
-0.158518589629338
-0.162257551192431
0.438821911652957
0.780699292049769
-0.981205622027531
-0.14158573183272
-1.2562489529667
-0.429033675985112
0.508776266227222
-1.44688974290189
1.01951282869911
1.17854697590699
-0.0102587652079676
0.26862487113597
1.34202887245852
-0.583606442977518
-0.937000890812421
-1.1521570560791
-0.975183430828597
-0.711413598264887
0.37191247618326
-0.943514417304648
-0.274367308067409
0.154468494125185
-1.28865320152105
1.41910231880672
1.3078277617162
-1.80497577381603
-0.484069526514125
-0.373211780065891
0.169085902211342
-1.17298360282238
-0.376196736960944
0.783127639643547
0.9911713044315
0.229284474811702
0.336850948675991
-0.64723199918968
-0.443206682066575
1.16175176076309
0.0650510103873427
-0.682467580302316
1.63434165849319
-0.584849244406111
1.12993600059353
0.581201043276578
0.379293067076565
-0.310740875935373
0.886390001309243
-1.64186474990831
-0.98856374150857
-0.244003429490954
0.15605692572279
0.102051958284238
-0.28745817163283
-0.293194886378227
0.469477058057219
-0.662588512287212
-2.19037266579489
0.00385467168029454
0.862942829061133
0.980223359085622
-0.291724771104236
-0.0610134758331342
1.51186840118448
-0.643609064922925
-0.130950479435566
0.485211453408803
-0.645182434547011
-0.463956219640376
0.567249696972656
-0.723407833759501
0.455884553708724
-1.19793462638391
-2.01818055007467
0.619723404969519
-0.132857466100936
-0.434960739564345
-0.521754178741525
0.992288425621206
-1.08542240785116
0.9598324137389
-1.03901054087568
-0.137841967398184
-0.214708418065892
0.57371858498562
-1.77644931491255
-0.256392295161705
-0.138550636059799
0.557684974345772
1.12234628895228
-0.982147207446364
0.326905555961652
0.447826608391904
1.1837241202911
-0.0886169165456814
1.14699788033095
0.0868125732903879
-0.295005034185912
0.512332938823226
0.283313634520342
0.384543716225821
1.00480433898002
-0.285965791273629
-0.237339890666095
-0.203674367247135
1.07247200564893
1.95027778565449
0.964454066843779
1.03840458842417
1.768873603734
-0.571650147005197
-1.47028288978346
-1.11036644456852
0.25440338911622
0.0233446809391809
-2.71592529450581
1.18528925142666
-0.219755197507614
-0.0566727606765798
0.406564509439585
-1.30942994964009
-0.70669128687688
1.03389166993791
1.97276096744826
0.68752507349332
0.738242549969547
-1.70827023182072
1.05261979073115
1.12323910895621
-0.354592005750426
0.188238853320847
0.923800027279593
2.15270084308936
-1.10973934267002
1.02950822207653
1.37715474974826
0.914811051875985
0.29362343145346
-0.151738624698383
0.164891439733674
0.868577430554276
-1.07803449338206
-1.22233196824601
-0.711444696028026
-1.42403166630742
-1.66934441193535
1.37923613235957
-0.919674583385557
-0.504490043798072
-1.13473181271634
0.512773054981806
0.527988782696761
1.18824732398677
-0.462036357605617
1.24106928807752
0.137021551839759
-1.29964523884791
1.15140894251503
1.51344747790919
0.802137876050054
-0.430536941766221
-1.34470094021425
0.0374420701805003
-1.34572178917966
-1.81400431594379
0.704033531800165
-0.299019663814215
-0.398891296274394
-0.643317329912618
1.31560505472406
-1.58496788140673
-0.444496424885491
0.566183077907705
0.290325674488996
-0.615544332318726
-0.0620078187554579
-0.192610254954
1.68315394857512
0.102573846063445
-0.654835313414718
1.18657519962335
-1.27236967179487
0.538064580118696
1.23085039152235
-1.1657069634625
0.324209448379912
0.950867374986455
1.11743360187202
1.52396904657475
1.91804840968141
0.200177305732274
-0.847190494761384
-0.756867539811659
0.695104616368463
-1.57291787448497
0.50023379988809
-1.15491865951959
-0.925201228333342
0.34190455871311
-0.589627962531728
-0.82843838141111
-0.663730209770243
1.41644085261859
-1.37150234266345
0.108860723106631
-0.466822252264966
2.96174336329718
-0.157827180136274
1.81942527336208
0.863742551050667
-1.56644321988189
0.515455968821478
0.696219512124101
0.0254211005540327
-1.95178330123379
2.24535873649262
-0.187737175458108
-1.40125118970518
1.24835850574632
-0.247078230407377
0.245559515602448
-0.778723557443433
-1.79088618081264
-0.167523855948506
0.750979936841002
-0.017023403374038
0.027578974028604
0.222146147097025
0.39863182474862
-0.261518412748479
-0.303177624072176
-0.733571784796072
-1.38185471369827
-1.44168737326599
-0.786310164236578
-0.742482239585182
-0.390980246970602
-1.21575506258315
-0.890405591288204
1.49827263110128
0.371839110948008
0.261106083436202
-0.0245438567876197
-0.917689243562319
-0.591884217733459
-0.370993055631982
0.0879242571716482
-0.0347263447245413
1.80637426901351
-0.340236065241183
-0.748963255545316
-1.63913683863791
-1.00118767572672
2.59577183784881
0.303198815157789
0.908747388189541
0.207849947786777
0.178014001983679
-0.165764998170263
0.557103620026265
1.44433440341685
0.901357060680922
-0.222035044404826
0.106191315649615
-1.44922083345914
1.13855172353475
1.8138247108031
-1.51103873268755
-0.0180868587077631
-0.880188098361493
-1.19747709937329
1.06875895779522
1.16673685848217
2.02995849587
0.500172740877976
-1.82274977874303
0.489161060927815
-0.69388939707371
-0.199064511834003
0.241954076462942
0.0703525033617535
0.794146065960578
-0.655378696153722
-0.677465097092795
0.183818514335766
0.87770826697786
-0.392230912634866
-0.668948305064475
-1.01013324311593
-0.750830595770758
-0.283552996658377
-1.16580298143211
0.691224985723229
-2.05653763082834
-0.154174502809742
-1.44489431056634
1.21615086364153
-0.511171136986964
1.12853875716823
-0.419643268277284
-0.212739734514245
-1.02066077995665
-3.08236361762711
1.64614336305507
-1.41121400623502
2.5651376308499
0.325593713852283
-0.565537818718636
0.698898676448727
0.880715097349732
-0.227754970949487
0.136300748888809
1.84340823294026
-1.40539171795246
-0.0490830704213224
0.79415450664542
-1.41402351547311
-1.78992736305942
1.3543973324458
-0.747766705256976
-1.03745247787329
-0.0361721359047526
-0.554350606441007
-0.558866751625419
-1.41987338308342
-0.907959854077164
0.847633094517202
0.499463099637752
-0.637825517564857
2.41550514781967
1.48090812496534
-0.738981758668434
-0.0977651328537683
-3.23638573235408
0.95706365807995
0.559334174677927
-0.497700712854354
-0.19398030956172
0.0863349346465467
1.01750753816778
-0.969918022860184
1.06635240150111
0.755509154736831
-0.703252294210806
-0.266851564932277
1.88110689326317
-0.0967643097372819
-1.30980263513465
-1.37310398939244
0.0504810662622925
0.379241429733866
0.410419910578149
-0.0844239498248758
-1.77539995549019
-0.229876006420393
1.16646565536948
-2.05997111064677
0.893933549953053
-1.1731401315293
0.100950814972007
-1.0634162929597
1.18062840795024
-0.212726276211563
0.821968792607083
-0.380152108673982
-0.743201143688504
-1.04955729003991
-0.675943108886233
0.145144898877526
1.90545118583888
1.10965985865284
-0.0784950827641917
0.819804446396812
-0.400774423151446
0.00471336610178186
0.797730186818351
3.34406080407568
0.909467460211587
0.800254666741612
-1.58251251669775
1.91589486284909
2.00836963956904
-0.843245917908087
0.797343854069868
-0.0172642847527764
0.958853244704201
0.358992701676972
1.9053447255277
1.11780821314976
1.00557865550033
1.32776902862951
-0.857656628950467
-0.194550152789981
2.36660651350187
1.21058862462715
1.44714317298513
-0.345579071344002
3.25224416782421
0.560457224360299
1.60688777188122
0.878467999982725
2.08331358897521
0.269088035207517
2.18382754359627
2.22306994184217
0.449239651907854
-0.398033572939517
1.68099475172178
-1.04800488262417
2.05047759043535
2.09525520409676
2.14856637968288
1.03793655379359
3.22384889196853
1.27185951960041
0.468434103042562
1.07086103244428
0.216343834104639
0.221734493777269
1.72438695568912
1.58656774821418
1.02123141157401
1.36131676851926
1.44470458006185
1.31374362780253
3.40928938131034
1.0669580046846
2.36943124786264
1.35991981326722
0.658490058134883
0.800826795570408
1.91691258815271
1.20820279476441
1.95819948799236
2.16069084688168
2.57536441769144
0.835171869730534
3.24336214072055
-0.0151807226596492
-0.00383375222363469
3.07571696008971
3.20122361423421
0.822495112141146
2.49662199334857
0.688091870589817
3.63262861976868
2.12195808098855
1.9340541390109
1.75626422124631
0.872829007409552
2.98333395992896
2.15786886398415
2.67188085023156
1.38596647707505
1.78951398923771
2.47655439889904
0.505774157124083
1.32721616989385
1.67114585203617
2.88277889349386
1.38672558287579
1.26544259112027
2.79151713265172
1.6338174318577
3.42672904071939
0.741100539616966
2.07598055730345
1.67122686975323
1.97511062643612
3.23488718977641
3.24202928852553
1.79129987135093
0.702875903148072
1.82947741117275
3.95396652570124
2.61970645542784
1.77802272760856
2.68872802149046
3.52282609090025
4.56784877969558
3.28131035435237
1.7696123886039
5.05707702048529
2.88808936675181
4.24103578030236
4.14179820980135
0.822083925276593
4.52086196768069
2.79007389999776
2.08204060678004
3.01467112174998
3.04131842635888
3.005691172962
2.85209924893858
4.52284367250074
4.07209247556761
3.39735469528823
2.49856575406916
4.34499489410065
3.81065314861409
2.72291827137731
2.67018398624024
2.93771861527789
3.04692110752003
3.61039521493438
4.1301809294872
3.48508839686098
1.60070836014627
3.66016952695466
4.42947973444455
2.03378509617142
1.47197667470525
4.17370317444667
3.01536183629577
3.93486599224653
3.2026150066582
5.20151053039226
4.68417751294621
4.15597502012959
4.35932595036618
4.49866806471239
4.69579957048336
2.654236846936
5.19361721998106
2.20403307965455
1.49152995931065
3.47502990439444
4.31395338986813
4.10234213731455
4.30894974529319
3.84880826805288
3.16235783863312
3.92890215820376
5.61148086284635
3.54893590708503
4.34035904945479
4.35721611678572
5.1086517975973
2.81066613535548
3.54818997832137
4.23179076592381
3.54194960121538
4.16477446518959
3.74914468841526
