0.508511277915861
1.29557516925903
-1.70640624601539
1.80601238721063
0.398903419189819
-2.48311723695994
0.487429052428485
1.87328979378741
1.68771319669044
-1.1761660207617
1.72251275352369
0.45923888378589
-2.28388943338373
-2.2146998871775
2.2598960068013
1.06699823602172
-0.886967896704289
1.15456779575814
0.890616842472547
-1.06874753162442
0.918977371608218
1.91710138938926
1.18649682840214
-2.86012932946872
0.830557332967553
0.0132669078454577
-1.81844435954725
-1.47075238389927
0.656815033549573
1.52987340523665
0.487901917923701
0.107943857729847
0.457067258933828
-1.71645389342483
-1.37705955682861
0.719970525358513
0.717641891326599
-0.930091030316528
1.31075695705673
0.832571395832003
-1.82717244909551
-0.253361680136508
1.83192846406293
1.66859504371061
-1.55953332815486
-0.496763571889277
0.433977609511289
-0.894115928326509
-0.112346212150228
2.01607281511241
1.51003772540402
-1.48280402685611
0.551851276497268
-1.05996744870633
-0.229625151140887
1.98039989850586
0.767743612191684
0.0677972187204172
-0.30105800616293
0.0756769811920185
2.47101340787923
-1.70188885557509
0.689739362450777
1.16296724743886
0.368658636154543
-0.681985334091
-1.59422704381819
1.53495050893734
-1.50939551463003
2.17261167036215
1.61047461755786
0.401985414115133
-0.260051280116288
-0.723366046571409
-1.18423775286464
-1.37120261732446
-0.443291873218433
1.13607044028982
1.18627316918861
-1.46029857979341
-0.357937147745659
-0.0657829677493736
-0.48456185626872
-1.52356680042976
1.72891127628661
1.44488221625047
0.19232220367102
-0.0934523385614578
0.439414457290747
-1.39555006206969
-0.54252003099165
2.34283289464137
2.2723344607319
-0.170563984090344
1.79756503961369
0.627882072939762
-2.93924106129996
-0.573265414236886
-0.0896475262401626
0.638531208597636
-1.49114431082947
0.252847458217078
-0.841526001177987
-1.50462008043785
-0.654584643918818
2.90225235803084
1.82863932105415
0.0393965958898846
0.594916942899187
1.75157172789388
-2.2983853067909
-0.461644730360566
2.56724732719986
0.461235491726581
-1.07815837720731
-0.182076344369141
-0.250597221174048
-1.94176215581848
0.494188331267827
0.957634606388587
0.605974382922691
0.472261191565069
-0.0038478234740259
-0.110160882668929
-1.76283959405549
0.712666307051405
1.06140068453187
1.0742976735699
-1.552438112361
-0.113538687173476
0.129556087808974
-2.25154333910159
0.531496192632572
-0.383428993128594
1.41848970582671
-2.40722745714293
-0.0902445417637679
-0.458884257070548
-2.31474363352292
-0.0568967778473925
-0.779394337021819
2.28851515705551
-2.53575006981735
-0.252798816399543
-1.04652445766839
-2.41346785403537
2.08716654562835
1.15236070835144
-0.174368685397378
-2.51138316802392
0.660918686345498
0.0508358146598205
-1.98071722738577
-0.929362147453702
-0.352495221483291
0.0367395484212671
0.129251170108572
-0.410535109723981
-1.31503120001003
0.206641769581656
0.425100377372448
0.89631798774516
2.17041489374597
0.0156450177695934
-0.408511463158304
2.27549811191493
-1.91767588298294
-1.42449465021281
0.990565486703974
1.31947018426929
1.43720076545402
0.316533952966554
0.526394452797872
-1.73980178819846
-0.334000842366544
1.10023906034692
1.89957145066711
1.20446737504694
1.23812402383661
1.27730404576116
-2.89397227439997
0.983895570053379
1.35488989231884
-0.355318184055295
-0.349754890957204
0.0519769803568268
1.53398295934426
-2.42873085244659
-0.430211753928547
0.208855591280756
0.934827883600408
-0.468765854119005
-0.521016588046764
0.899768815356132
-2.87073163914639
-1.04798441280774
2.57612279550247
0.096084379732299
-0.458802921287828
-0.170344466036077
0.478797487025393
0.026224433362122
1.58658843344197
0.804057287975427
-1.17330369025552
1.62688395622882
0.877797751838336
0.610722983338159
-1.67604837598783
0.510108422952926
0.970589256888526
1.53262648829146
-1.27102437758299
-1.15947629247462
1.05723391482934
-0.142903827342379
-0.308740569225614
-0.118324666949498
1.75417315071477
-0.915486770499322
-1.522486821752
0.0715275070547281
-2.29294918677007
-0.340968579860405
-0.02160727397766
2.91507375295441
-1.20190966999656
-1.39478182718023
0.266589086113939
-1.39947320643645
-0.985826700409291
-1.75395558302135
0.471450142471833
-0.300269997684858
0.151008309030233
-0.028783096630776
-1.10182812422181
-1.18645863857947
2.23174213293244
1.10658781675878
-0.163466966207264
1.2448393198103
0.292876062289763
-2.54135646570794
1.16296455596733
-0.865199856127282
0.567141105035223
-1.12644834276233
0.0446105483078366
1.08985955615857
-1.52642695973915
0.407167603423836
1.06531027564529
0.864267503417617
-0.175226826985702
1.35695994228864
-2.33370056751741
-1.08990929759608
0.374724406778655
0.709697367102117
2.06294465261376
-1.26001481532372
-0.0735990767267307
0.926805425454262
0.0569784462786771
0.270054900937229
0.712781078870553
-0.0771814498226371
-1.20181061248435
-0.729097741437179
-0.189536935744326
-1.26826968462035
-0.851857092023863
3.78413196975307
1.26794352070203
0.2594296338496
-2.07839239476726
0.810396804569897
-2.97889401329349
0.919803677609141
1.53309524411015
0.704403265767176
0.45348099657193
-0.490500084174077
-0.511218656866078
-2.66372103386734
-0.668178606753393
2.08015004203128
1.54563399458211
0.134381584071701
-0.179387078980836
0.445765939149107
-1.41848392835543
-1.42625734238254
2.91339437613364
1.24637950597062
-0.105178634447478
1.16586826198182
0.0188299459321883
-1.9684642726089
0.893673702425513
0.0876669395968979
3.0832692312611
-1.2544097398937
1.86487688734783
1.58160834132509
-1.57968311925601
0.5672209148515
0.110416609123733
1.43493834805938
0.17283482475084
0.309810071970041
-0.384741261779902
-2.31843070529236
-0.0359224226225114
2.20412654933499
0.627956914735671
-0.991787744932786
-1.083408418748
0.563708483389315
-0.354747332727779
1.49704100940278
1.94966781955555
-0.757856945165665
-0.388748129481583
0.666867188374045
-0.284004638455453
-1.49215938189394
-0.864035954126904
1.81419586267385
0.784830830383844
-2.43985981874929
-0.156719171097639
1.43383057644431
-1.99693021757309
0.732750042209102
2.08155072885598
1.11633054936332
-1.22309993915519
-0.318963924060661
0.808984872949255
-2.72610626832474
0.2462108435364
0.845465722093881
-1.152957511451
-2.27962808967854
1.12675091386542
-0.121883303160741
-0.859365636708277
1.8874744633086
2.60884626976733
1.78920033734995
-0.490814947038598
0.0179331586155088
1.64728744227886
-1.06641474352347
-1.17357694087136
0.979322553767875
-0.806977975232893
-1.06603647971598
-2.38159608487314
1.38339781457251
-2.29819185387406
-0.429978838694188
0.96564675635623
1.72415001902608
-0.192437456382643
0.778683557544515
-0.503146956551667
-3.02594010912026
-0.388722244337901
1.41287922110874
0.288850723464923
-0.939618568083807
-0.956930741056956
0.0610866331588517
-1.53379345124452
-0.145875628461003
0.971054131922125
2.87548384782187
-0.108191121187024
1.32216266580348
-0.853811305455373
-1.49830701441397
1.15482518709727
1.0784436641317
-1.0174288031977
-0.525931871505887
-1.69422386051269
-0.741774505765759
-0.338644531542322
0.615636849302674
2.22663404419355
1.41853670655058
-0.980936396088199
-0.713581188054441
1.66230940109365
-1.61763825472004
-0.715128400667883
2.00018818837533
2.18637280331485
1.02487714059324
-0.392265718532252
-0.321472173348679
-2.07887088437212
-0.375657422820391
0.768334142955835
0.816254392336062
0.571042776594527
-0.486806706840198
-0.318771858546902
-1.01011240067041
1.12477244653513
0.362854285634266
0.603845628898661
-0.347157043107325
1.22848581161081
-0.18176894071352
-3.09264230023053
1.70912103210088
2.57003466096982
0.401560699187068
-0.935845207260926
-1.54873715029309
0.63911861919356
-0.0503020546401405
-1.63728064710472
0.355396575456446
0.470754911286384
-1.5519090271765
-1.82255401054511
0.570359206622365
-3.19444699280767
-0.0249976392782635
1.72794980968349
0.913736423552308
0.0212307588681835
0.185016514154689
-0.578264803211207
-1.01628943780728
-0.433832740029588
2.9075762736367
1.09367213387394
-0.0179626400048116
0.415894488316869
-2.93865295154602
-3.02876078417091
-0.424102260144812
1.37176875240375
-1.23079127532201
0.0909189997753693
-0.393694148781597
-0.683481631988455
-3.21826044538617
-1.45389373800106
1.1912969247126
1.62130125171084
-2.96866059338964
-0.793630394376492
0.60516736962705
-2.11568593749184
2.16536850181726
2.3807117614063
1.70742987910654
-0.865893184067154
0.490092367128102
-0.636510477893168
-1.03463169988467
1.4802139600857
2.21839499874148
0.298687588372857
-2.48965448282893
0.101075885584602
0.510285018291436
-0.311654873033327
-1.31860948453356
1.49934968126564
1.34543168012547
0.323177627653709
0.182821612943265
-0.287903207129795
-2.80946298896029
-0.517420483593623
0.772841316079921
3.46248617082605
1.57575374209462
0.0440283055885665
-0.974271791687429
-3.6355837869166
0.514671633438029
0.0443915049233359
3.39659117058131
-1.7563952062633
0.321838014818565
3.87967232808512
-2.77155885078518
0.307566624421454
0.0280706164330304
1.45958549385891
-1.74404216866739
0.288034707809766
-0.227472994782163
-2.84589109327459
0.0112926884238996
2.12656612471756
2.70589929894068
-2.24348890453451
-0.0388793479694766
1.22882017423001
-2.77687120068552
-2.52850068885039
0.199062530144881
0.144692387101383
-0.823289041277547
-0.193005208425191
0.300891775619091
-2.08502126076867
0.374118394695298
0.768959313661178
2.30203329155801
-1.60810515886257
0.501398230512109
-0.815453920909997
-1.45464237397109
-0.0477301724785263
-0.549555557480399
0.967705288417997
0.309436031897306
0.892131508272347
0.21264327826201
-2.85496529655484
1.16922865278909
1.21416679760357
0.660158092268271
0.771250579195429
-0.558860736526675
0.372756608132306
-0.38091143165841
0.602222795170429
0.827942824121358
0.693513741614307
-0.515642103559258
0.7242126996724
0.0880030477031985
-0.344199880585246
-0.065831999838153
0.434669010340489
1.64925797655829
-3.07255995595926
0.602705328871253
0.566356599798177
-1.88752356827183
-1.11714316533188
0.739970485344316
2.66176218727325
-1.61429211340401
-2.12098053265673
0.881641089583673
-2.16395951004328
-0.510886565952357
-0.0803989524968178
1.08937321668973
-0.169538333175636
-0.376750440516956
-0.537332294044332
-0.566008637841631
-0.247509677080296
0.975063375334946
0.486153594301873
0.0296570019948953
-0.783462044193382
0.91864603325482
-0.856946563865487
-0.46760093599122
1.98338540238154
2.09870170863297
-0.295157345085982
2.23557363049101
-1.89295754385058
-2.82756978347951
-1.37651921373083
1.30264502312796
2.69656092419666
0.807111319370905
0.699028283467798
0.948068909934783
-1.80752372687181
0.468971760074208
1.51120056578768
0.350891569980467
-1.16407256735621
0.0758903206653252
1.46324146354748
-2.69963754254022
-2.11433514780366
1.90324330686259
0.295771224283462
-1.30688455676592
1.11543661635565
-0.693690617173858
-2.00371583247973
1.50242453423459
1.66327280097459
1.65412320050126
-1.00745098932322
-0.926002268229889
-1.42723150698134
-1.88603449639852
2.00171922777288
1.35666890487181
1.27630475428334
-0.538154024755333
-0.174476414018588
-1.32935837918343
1.01309194300989
-0.423686088681983
0.836363576725129
-0.680409881816027
-1.11878585867344
-0.0365723333017624
-0.186114731151888
-3.44958695293449
1.78466281602476
2.89855143640408
1.80153206697104
-1.97151827802926
0.925240941970654
-0.177074669559563
-1.98243501876913
1.3626442929547
-0.0929175013244878
0.600712612286475
-1.60197263267031
0.230483591949633
-1.50346826733553
-2.36598212267021
0.715932088907665
1.6001799950813
0.138029538632656
-0.31155990313701
-2.22190816033282
-0.271089279327687
-0.949615657991691
-0.659037386489128
1.09856246609171
-0.481354456489959
-0.0229848363575731
-1.63965726358777
-0.254254984315856
-1.9178969653451
0.0609212273067499
0.311473459639315
2.94166232987298
-2.30069384938684
0.464868728077428
-2.87037804796152
-1.66023304389845
0.509665571261936
0.0502450875442322
1.81676482191451
-0.53980128361113
1.18705905804921
-0.773944233024277
-2.63322875770484
-1.77153134864293
0.812494747012245
-0.226868897317553
-0.182621605459287
0.282012237323422
2.25914800665364
-2.8203564521434
1.18168806409233
0.607596727050015
-0.344696166273808
-0.297810263112175
-1.22264611959936
-0.985789371152041
-2.39576073026388
0.210907264251298
0.136044361597183
2.18978216824257
-2.06975201611322
0.427368620257553
0.212482677163386
-2.7283989438949
-0.428623410701779
0.478785611886847
2.07132617189456
0.685275002496879
-0.830064848715404
0.999968055914705
-1.73809478385412
-1.96719534905096
0.379061446013
1.57308100554371
-0.725671002557471
-2.23157973600858
0.649714332826031
-1.00759685435518
-0.304508837259419
0.427396856040897
3.08350385951518
-0.960776314253092
0.196714333140919
-1.0540612897357
-3.00677897621813
-1.52315577106209
0.712996878276019
2.47285630911793
0.88301721172953
1.77909631942563
1.36615121732221
-1.90024510428554
-1.22415013568071
0.807152408518122
-1.3005184312353
-1.18457050704873
1.87061028971856
0.200348747981975
-0.566760170152339
0.489340956943913
0.35605479320954
2.8554911979663
-0.949164918936409
-0.764822207449705
0.140055472113028
-3.18124838166512
0.863779032791318
1.63653347402256
0.757150515389961
-1.35920652119653
1.14702553236554
-0.993012739047684
-2.64646972454631
0.424247877020078
0.683651608105559
2.03701664176085
-1.06939844341766
1.40558260197324
0.56494035255461
-3.9078014269349
-1.33537136041822
2.41774029483589
1.80272774921066
-1.83784030146365
-1.13506209994726
1.10306103669019
-2.47442531250498
1.80172547861817
2.9065070490376
-0.342759524765443
-1.71643194618098
-1.03974807425134
0.736683715278634
-2.95341854047955
-2.03500353846891
3.15631208315071
2.11790533264912
-0.0536540323803407
-0.453256698504401
0.0581144161240614
-1.04297159663213
-1.2812387419642
1.01070376228215
1.28767349953872
0.821996160867371
0.852864302279776
1.35162867972367
-1.52210187929454
-1.11250268318057
0.795288116696296
-0.552832794225527
0.0580741281149283
1.62755841978862
0.00667486974744429
-2.6435511889398
1.08715025123701
1.27429211521888
0.725659747363163
0.252807789574674
-0.549114072284751
1.21835475060349
-2.50512511177867
0.391413340392769
2.02634233097683
-0.223326867517377
-0.472654155770409
0.0991447821240169
0.745139564016744
-2.45124678822114
-0.0869863340574937
2.51724909641398
1.28042200884497
-0.0475866853302243
-0.0101630125435994
-0.959996007340252
-1.67357454368905
-1.22499115544077
-1.46114629979178
2.28105443702843
-1.95768645058277
-1.61535142757357
1.06467745466703
-1.67451063427266
-0.599628394751609
0.957017102056089
0.685950503234646
0.125881142849728
0.938392293574374
-1.65723494848905
-1.30925035720017
0.726813665899557
1.8032260646349
-1.31238546424727
-1.10613505862062
2.1903649059908
0.86619018601399
-3.37192503348779
-1.66366871188344
1.62607464097374
0.937876359464663
0.0905129302721402
0.50455824675015
0.150395010883629
-1.47898701004264
0.16625503539133
-0.134633977556059
3.4614251656564
-2.28278304103068
0.193770092290604
-0.474923705247206
0.137463480513485
1.01144017617923
0.571248532751565
1.31735264041197
0.294684316593404
2.44705442457974
0.371660723543311
-2.70515545507295
-0.983542313495811
3.14068366909238
-0.958639638820533
2.18496473527651
-0.0506190090144568
-0.384997611739262
-1.50508829737797
0.933388727865257
1.43779336449255
-0.844218377435531
-0.517240924135977
0.661156098815266
0.728946517908956
-2.69406958044931
-2.37102288136148
0.810388780833672
0.167633094127208
-1.63666763204844
-0.743047681647075
-0.328608802480064
-1.97386591576553
0.796092713239834
2.12139343253397
0.317400182619522
-1.17959560512055
0.572176351098431
1.46818675221247
-1.71871927248433
-1.69887349155411
1.36681763379949
0.992841174066392
0.901715219855087
0.554153750516445
-0.553654134980269
-2.10217114667045
-0.505296789545481
1.32100022581567
1.28834964263642
0.0450705732194381
0.530908311253782
-0.297291649746862
-2.60326014802166
0.634702931419534
1.07247660632986
1.29476971272874
0.232863384817472
1.9627672037216
-0.884420812761094
-0.0185683960216374
-0.866733529450919
1.40131728085296
1.33430233989231
-1.14768614349767
1.60498462609088
-0.589516352403547
-1.00211757232863
-0.0132557001432984
0.20348478992735
2.32662098850333
-2.95911799911417
-0.315420884339778
-0.4720069195328
-0.468327782940655
1.26442254944098
1.01622991994845
2.76288480118402
-0.903677872187345
1.86993308449082
1.30722504700217
0.0526270942625958
0.0615169608061498
2.2303190983363
1.64911242508061
-1.33965978969991
1.36341809059437
2.84315825869164
-1.31071978635697
0.800182524331796
2.82420882163538
2.14807735487354
2.07275867864751
1.94794531886272
3.3907295803965
-0.313739506547955
-0.133916661275917
2.55630035656252
1.18737558822276
-0.877839999724678
1.02125725496923
2.00331234755306
-0.318738853263941
1.81402027646355
3.0503060909388
1.94007971461469
-2.2730087472144
2.00663843680368
3.23851151673425
-0.604265353382237
-0.354914449527684
1.76741432310414
1.1774142658817
0.087583146323041
1.88684359062948
1.93583179418
-0.427473828028611
0.0660298667235683
2.9482172559398
3.460250400167
2.38110514232573
0.71707915060692
1.54348824652695
0.531042813272167
0.883604528477884
2.65982364442667
2.32635332631537
-0.00522716814220336
1.37924068794788
2.03412841690446
-0.253869938837528
0.533561784825493
-0.104817887163573
1.31686865991211
0.109267249051022
-1.30369353689147
3.28034767907181
-2.1514110827547
-0.160751875619231
3.59270331361392
-0.0779441036830433
0.86828504752303
0.866722816530084
1.52527238888615
0.215461409702872
0.0415360770876761
1.42912024290958
-0.88501745819083
-0.831829957650186
1.59091983898955
1.57446323695649
1.36440715095783
1.06462702873963
2.59862373706006
2.18671017773049
-0.357613869440783
1.95964240593545
1.5336302282641
-0.533228394448451
0.184539348389717
2.09481463692277
2.8933488227172
0.805675113857286
0.728079059504895
0.40028217941095
-0.149847530919667
2.04890992895349
2.25602325176113
1.79863895965742
-0.751448363616793
0.791444693800654
-0.413356030647341
-1.35996705224205
