0.9
0.903422
0.914259
0.920578
0.924589
0.87517
0.891837
0.925255
0.937505
0.835933
0.897045
0.946554
0.946398
0.956056
0.960301
0.962918
0.963927
0.966653
0.966228
0.969189
0.970999
0.969051
0.968785
0.960532
0.966921
0.964459
0.951638
0.969536
0.972903
0.976199
0.977427
0.978514
0.979403
0.980055
0.97875
0.970452
0.963285
0.976392
0.968053
0.976123
0.960012
0.964487
0.975049
0.978526
0.977178
0.975508
0.962613
0.982964
0.98239
0.984753
0.984876
0.985703
0.968696
0.984171
0.985255
0.985462
0.984744
0.985905
0.977876
0.975062
0.986649
0.987801
0.987242
0.988274
0.987891
0.988923
0.987373
0.989224
0.989395
0.989596
0.989766
0.989597
0.990209
0.990395
0.989604
0.98637
0.988252
0.989476
0.990281
0.98875
0.989439
0.990114
0.989061
0.990732
0.991262
0.991471
0.990345
0.991271
0.988549
0.987964
0.98205
0.989781
0.990434
0.991007
0.991132
0.991268
0.991627
0.989185
0.990163
0.988326
end of data stream / invalid input
